[gd_scene load_steps=3 format=2]

[ext_resource path="res://Models/toys/Blocks/Material.material" type="Material" id=1]

[sub_resource type="ArrayMesh" id=1]
resource_name = "Cube.012"
surfaces/0 = {
"aabb": AABB( -1, -1, -1, 2.00001, 2, 2 ),
"array_data": PoolByteArray( 0, 0, 128, 63, 0, 0, 128, 191, 0, 0, 128, 191, 0, 129, 0, 0, 130, 0, 0, 127, 151, 53, 116, 57, 0, 0, 128, 191, 0, 0, 128, 191, 253, 255, 127, 63, 0, 129, 0, 0, 130, 0, 0, 127, 52, 57, 225, 59, 251, 255, 127, 191, 0, 0, 128, 191, 0, 0, 128, 191, 0, 129, 0, 0, 130, 0, 0, 127, 54, 57, 118, 57, 0, 0, 128, 191, 0, 0, 128, 63, 0, 0, 128, 191, 0, 127, 0, 0, 0, 0, 130, 127, 223, 59, 116, 57, 246, 255, 127, 63, 0, 0, 128, 63, 8, 0, 128, 63, 0, 127, 0, 0, 0, 0, 130, 127, 118, 57, 225, 59, 0, 0, 128, 63, 0, 0, 128, 63, 248, 255, 127, 191, 0, 127, 0, 0, 0, 0, 130, 127, 225, 59, 223, 59, 0, 0, 128, 63, 0, 0, 128, 63, 248, 255, 127, 191, 127, 0, 0, 0, 0, 0, 130, 127, 23, 53, 151, 53, 0, 0, 128, 63, 0, 0, 128, 191, 0, 0, 128, 63, 127, 0, 0, 0, 0, 0, 130, 127, 188, 35, 52, 57, 0, 0, 128, 63, 0, 0, 128, 191, 0, 0, 128, 191, 127, 0, 0, 0, 0, 0, 130, 127, 19, 53, 54, 57, 246, 255, 127, 63, 0, 0, 128, 63, 8, 0, 128, 63, 0, 0, 127, 0, 126, 0, 0, 127, 225, 59, 151, 53, 0, 0, 128, 191, 0, 0, 128, 191, 253, 255, 127, 63, 0, 0, 127, 0, 126, 0, 0, 127, 116, 57, 52, 57, 0, 0, 128, 63, 0, 0, 128, 191, 0, 0, 128, 63, 0, 0, 127, 0, 126, 0, 0, 127, 223, 59, 54, 57, 0, 0, 128, 191, 0, 0, 128, 191, 253, 255, 127, 63, 129, 0, 0, 0, 0, 0, 130, 127, 147, 53, 151, 53, 0, 0, 128, 191, 0, 0, 128, 63, 0, 0, 128, 191, 129, 0, 0, 0, 0, 0, 130, 127, 54, 57, 52, 57, 251, 255, 127, 191, 0, 0, 128, 191, 0, 0, 128, 191, 129, 0, 0, 0, 0, 0, 130, 127, 52, 57, 147, 53, 0, 0, 128, 63, 0, 0, 128, 191, 0, 0, 128, 191, 0, 0, 129, 0, 0, 126, 0, 127, 26, 36, 116, 57, 0, 0, 128, 191, 0, 0, 128, 63, 0, 0, 128, 191, 0, 0, 129, 0, 0, 126, 0, 127, 19, 53, 225, 59, 0, 0, 128, 63, 0, 0, 128, 63, 248, 255, 127, 191, 0, 0, 129, 0, 0, 126, 0, 127, 23, 53, 118, 57, 0, 0, 128, 63, 0, 0, 128, 191, 0, 0, 128, 63, 0, 129, 0, 0, 130, 0, 0, 127, 147, 53, 223, 59, 0, 0, 128, 191, 0, 0, 128, 63, 251, 255, 127, 63, 0, 127, 0, 0, 0, 0, 130, 127, 116, 57, 118, 57, 0, 0, 128, 63, 0, 0, 128, 63, 248, 255, 127, 191, 127, 0, 0, 0, 0, 0, 130, 127, 23, 53, 151, 53, 246, 255, 127, 63, 0, 0, 128, 63, 8, 0, 128, 63, 127, 0, 0, 0, 0, 0, 130, 127, 26, 36, 147, 53, 0, 0, 128, 63, 0, 0, 128, 191, 0, 0, 128, 63, 127, 0, 0, 0, 0, 0, 130, 127, 188, 35, 52, 57, 0, 0, 128, 191, 0, 0, 128, 63, 251, 255, 127, 63, 0, 0, 127, 0, 126, 0, 0, 127, 118, 57, 147, 53, 0, 0, 128, 191, 0, 0, 128, 63, 251, 255, 127, 63, 129, 0, 0, 0, 0, 0, 130, 127, 151, 53, 54, 57, 251, 255, 127, 191, 0, 0, 128, 191, 0, 0, 128, 191, 0, 0, 129, 0, 0, 126, 0, 127, 188, 35, 223, 59 ),
"array_index_data": PoolByteArray( 0, 0, 2, 0, 1, 0, 3, 0, 5, 0, 4, 0, 6, 0, 8, 0, 7, 0, 9, 0, 11, 0, 10, 0, 12, 0, 14, 0, 13, 0, 15, 0, 17, 0, 16, 0, 0, 0, 1, 0, 18, 0, 3, 0, 4, 0, 19, 0, 20, 0, 22, 0, 21, 0, 9, 0, 10, 0, 23, 0, 12, 0, 13, 0, 24, 0, 15, 0, 16, 0, 25, 0 ),
"blend_shape_data": [  ],
"format": 97559,
"index_count": 36,
"material": ExtResource( 1 ),
"name": "Material",
"primitive": 4,
"skeleton_aabb": [  ],
"vertex_count": 26
}

[node name="Blocks" type="Spatial"]

[node name="Camera" type="Camera" parent="."]
transform = Transform( 0.68588, -0.31737, 0.654862, -0.0108168, 0.895343, 0.445245, -0.727634, -0.312469, 0.610666, 10.4811, 8.34367, 11.5076 )
fov = 36.8508
near = 0.1

[node name="Lamp" type="OmniLight" parent="."]
transform = Transform( -0.290865, -0.771101, 0.566393, -0.0551891, 0.604525, 0.794672, -0.955171, 0.199883, -0.218391, 4.07624, 5.90386, -1.00545 )

[node name="Lamp_001" type="OmniLight" parent="."]
transform = Transform( -0.290865, -0.771101, 0.566393, -0.0551891, 0.604525, 0.794672, -0.955171, 0.199883, -0.218391, 4.07624, 5.90386, 7.1087 )

[node name="Cube_010" type="MeshInstance" parent="."]
transform = Transform( 1, 0, 0, 0, 1, 0, 0, 0, 1, 0, 0, 1 )
mesh = SubResource( 1 )
material/0 = null

[node name="Lamp_002" type="OmniLight" parent="."]
transform = Transform( -0.290865, -0.771101, 0.566393, -0.0551891, 0.604525, 0.794672, -0.955171, 0.199883, -0.218391, 4.07624, 11.9039, -0.891298 )

[node name="AnimationPlayer" type="AnimationPlayer" parent="."]
